Data successfully loaded from: /Users/chandanakella/Downloads/magic+gamma+telescope/magic04.data

(a)------- Z-normalised data        28.7967   16.0021  ...    40.092   81.8828
0     -0.510990 -0.570031  ... -0.815377  0.153051
1      2.568202  6.205696  ...  1.889211  0.842584
2     -0.694786 -0.687261  ... -0.658765 -1.031575
3      0.516583  0.476355  ... -0.880996  2.176419
4     -0.038415 -0.056202  ... -0.920646  0.592475
...         ...       ...  ...       ...       ...
19014 -0.752206 -0.613992  ... -0.966238 -1.164207
19015 -0.573741 -0.843742  ...  2.266077  0.717703
19016  0.523884  1.381729  ...  0.101659  0.838952
19017  1.587699  2.982694  ...  2.185240  2.870336
19018  3.161374  1.679936  ...  0.961020  1.050398

[19019 rows x 10 columns]

(b)------- Sample covariance matrix without using np.cov()                       ...                    
0  1.000053  0.770551  ... -0.008764  0.418471
1  0.770551  1.000053  ...  0.066074  0.336828
2  0.702488  0.717553  ... -0.186677  0.437061
3 -0.631036 -0.609812  ...  0.235284 -0.328364
4 -0.598187 -0.581176  ...  0.229816 -0.304671
5 -0.368566 -0.266968  ... -0.055706 -0.206712
6 -0.119748 -0.176240  ... -0.186291  0.037047
7  0.013378  0.039739  ...  0.004670  0.011396
8 -0.008764  0.066074  ...  1.000053 -0.220544
9  0.418471  0.336828  ... -0.220544  1.000053

[10 rows x 10 columns]
Covariance matrix using np.cov()         df            ...  other_df          
                       ...                    
0  1.000053  0.770551  ... -0.008764  0.418471
1  0.770551  1.000053  ...  0.066074  0.336828
2  0.702488  0.717553  ... -0.186677  0.437061
3 -0.631036 -0.609812  ...  0.235284 -0.328364
4 -0.598187 -0.581176  ...  0.229816 -0.304671
5 -0.368566 -0.266968  ... -0.055706 -0.206712
6 -0.119748 -0.176240  ... -0.186291  0.037047
7  0.013378  0.039739  ...  0.004670  0.011396
8 -0.008764  0.066074  ...  1.000053 -0.220544
9  0.418471  0.336828  ... -0.220544  1.000053

[10 rows x 20 columns]
(c)------- Power iteration
Largest Eigenvalue: 4.224217192210358
Corresponding Eigenvector: [ 0.4082751   0.3950557   0.44892159 -0.44161436 -0.42924251 -0.14468162
  0.00520292  0.012345   -0.09717     0.25668115]
np.linalg.eig()
Dominant Eigenvalue: 4.2242171922098555
Eigen values are the same

(d)---- Variance in the projected subspace: [4.22399509 1.57519411]

(e)------- Reconstructed Covariance Matrix (UΛUT):
[[ 1.00005258  0.77055138  0.70248796 -0.63103595 -0.59818669 -0.36856551
  -0.11974781  0.01337779 -0.00876361  0.41847096]
 [ 0.77055138  1.00005258  0.71755271 -0.6098115  -0.58117599 -0.26696822
  -0.17624027  0.0397388   0.06607389  0.33682817]
 [ 0.70248796  0.71755271  1.00005258 -0.85089662 -0.80888409 -0.15986236
   0.09516719  0.01544755 -0.18667725  0.43706117]
 [-0.63103595 -0.6098115  -0.85089662  1.00005258  0.97646435  0.11227722
  -0.12190666 -0.01129337  0.23528413 -0.32836403]
 [-0.59818669 -0.58117599 -0.80888409  0.97646435  1.00005258  0.10016955
  -0.11877362 -0.01096941  0.22981586 -0.30467057]
 [-0.36856551 -0.26696822 -0.15986236  0.11227722  0.10016955  1.00005258
   0.2740553   0.00256455 -0.05570588 -0.20671167]
 [-0.11974781 -0.17624027  0.09516719 -0.12190666 -0.11877362  0.2740553
   1.00005258 -0.0171929  -0.18629139  0.03704706]
 [ 0.01337779  0.0397388   0.01544755 -0.01129337 -0.01096941  0.00256455
  -0.0171929   1.00005258  0.00466959  0.01139597]
 [-0.00876361  0.06607389 -0.18667725  0.23528413  0.22981586 -0.05570588
  -0.18629139  0.00466959  1.00005258 -0.22054395]
 [ 0.41847096  0.33682817  0.43706117 -0.32836403 -0.30467057 -0.20671167
   0.03704706  0.01139597 -0.22054395  1.00005258]]

(f)---- The mean square error is: 0.4200810798360642
The sum of the Eigen values except the 1st two is: 0.4200810798360646
MSE is the same

(h)------- Coordinates of the first 10 data points in the new basis vectors:
[[ 1.67997548 -0.54929286  0.98115301 -0.22262472 -0.13759962 -0.48793924
  -0.71282482]
 [-5.96609118  1.83141788 -1.49115315  3.73138766 -0.48758519 -3.41866879
  -1.84986565]
 [ 2.55707438 -0.03167595  0.44132843  0.03082437  0.67613957 -0.25171544
  -0.96031003]
 [-1.65578278 -0.55300833  0.5526288  -1.77237021 -0.87112397 -0.80383232
   0.06933224]
 [-0.80446256 -1.57572394 -0.1685744  -0.53114355  0.10120282 -0.45857099
   0.18240354]
 [-0.7479984  -1.1940542  -0.00958314 -0.64038901  0.22732007  0.13444159
   0.27858849]
 [ 0.64603567 -1.02764972  0.75451467 -0.47576412  0.19875428 -0.52709017
   0.10997872]
 [-3.63797407 -2.49317368 -2.15631605 -1.06671818 -0.38491649 -0.90618318
  -0.55718295]
 [ 0.56601414 -1.13675141 -0.18633475  0.53825239  0.7939808   0.61668036
  -0.46474261]
 [-2.006731   -0.84625088  0.2094333  -1.56761075 -0.88984729  0.11764956
   0.40431364]]